{
  "views": {
    "a3": {
      "uiSelectionGroup": "reg",
      "sourceDisplays": [
        {
          "imageDisplay": {
            "sources": [
              "em-detail-a3-A"
            ],
            "color": "r=255,g=255,b=255,a=255",
            "contrastLimits": [
              27006.9735,
              37217.3265
            ],
            "blendingMode": "sum",
            "showImagesIn3d": false,
            "name": "em-detail-a3",
            "opacity": 0.7,
            "visible": true
          }
        },
        {
          "imageDisplay": {
            "sources": [
              "tomo_37_lm"
            ],
            "color": "r=255,g=255,b=255,a=255",
            "contrastLimits": [
              32500.0,
              33800.0
            ],
            "blendingMode": "sum",
            "showImagesIn3d": false,
            "name": "tomo_37_lm",
            "opacity": 0.0,
            "visible": true
          }
        },
        {
          "imageDisplay": {
            "sources": [
              "tomo_37_hm"
            ],
            "color": "r=255,g=255,b=255,a=255",
            "contrastLimits": [
              0.0,
              255.0
            ],
            "blendingMode": "sum",
            "showImagesIn3d": false,
            "name": "tomo_37_hm",
            "opacity": 0.0,
            "visible": true
          }
        },
        {
          "imageDisplay": {
            "sources": [
              "tomo_38_lm"
            ],
            "color": "r=255,g=255,b=255,a=255",
            "contrastLimits": [
              32400.0,
              33800.0
            ],
            "blendingMode": "sum",
            "showImagesIn3d": false,
            "name": "tomo_38_lm",
            "opacity": 0.0,
            "visible": true
          }
        },
        {
          "imageDisplay": {
            "sources": [
              "tomo_38_hm"
            ],
            "color": "r=255,g=255,b=255,a=255",
            "contrastLimits": [
              0.0,
              255.0
            ],
            "blendingMode": "sum",
            "showImagesIn3d": false,
            "name": "tomo_38_hm",
            "opacity": 0.0,
            "visible": true
          }
        },
        {
          "imageDisplay": {
            "sources": [
              "tomo_40_lm"
            ],
            "color": "r=255,g=255,b=255,a=255",
            "contrastLimits": [
              32400.0,
              33900.0
            ],
            "showImagesIn3d": false,
            "name": "tomo_40_lm",
            "opacity": 0.0,
            "visible": true
          }
        },
        {
          "imageDisplay": {
            "sources": [
              "tomo_40_hm"
            ],
            "color": "r=255,g=255,b=255,a=255",
            "contrastLimits": [
              0.0,
              255.0
            ],
            "blendingMode": "sum",
            "showImagesIn3d": false,
            "name": "tomo_40_hm",
            "opacity": 0.0,
            "visible": true
          }
        },
        {
          "imageDisplay": {
            "sources": [
              "tomo_41_lm"
            ],
            "color": "r=255,g=255,b=255,a=255",
            "contrastLimits": [
              32100.0,
              33900.0
            ],
            "blendingMode": "sum",
            "showImagesIn3d": false,
            "name": "tomo_41_lm",
            "opacity": 0.0,
            "visible": true
          }
        },
        {
          "imageDisplay": {
            "sources": [
              "tomo_41_hm"
            ],
            "color": "r=255,g=255,b=255,a=255",
            "contrastLimits": [
              0.0,
              255.0
            ],
            "blendingMode": "sum",
            "showImagesIn3d": false,
            "name": "tomo_41_hm",
            "opacity": 0.0,
            "visible": true
          }
        },
        {
          "imageDisplay": {
            "sources": [
              "tomo_54_lm"
            ],
            "color": "r=255,g=255,b=255,a=255",
            "contrastLimits": [
              32400.0,
              33900.0
            ],
            "blendingMode": "sum",
            "showImagesIn3d": false,
            "name": "tomo_54_lm",
            "opacity": 0.0,
            "visible": true
          }
        },
        {
          "imageDisplay": {
            "sources": [
              "tomo_54_hm"
            ],
            "color": "r=255,g=255,b=255,a=255",
            "contrastLimits": [
              0.0,
              255.0
            ],
            "blendingMode": "sum",
            "showImagesIn3d": false,
            "name": "tomo_54_hm",
            "opacity": 0.0,
            "visible": true
          }
        },
        {
          "imageDisplay": {
            "sources": [
              "fluorescence-a3-c0"
            ],
            "color": "r=255,g=0,b=0,a=255",
            "contrastLimits": [
              40.0,
              400.0
            ],
            "blendingMode": "sum",
            "showImagesIn3d": false,
            "name": "fluorescence-a3-c0",
            "opacity": 0.0,
            "visible": true
          }
        },
        {
          "imageDisplay": {
            "sources": [
              "fluorescence-a3-c1"
            ],
            "color": "r=0,g=255,b=0,a=255",
            "contrastLimits": [
              40.0,
              400.0
            ],
            "blendingMode": "sum",
            "showImagesIn3d": false,
            "name": "fluorescence-a3-c1",
            "opacity": 0.0,
            "visible": true
          }
        },
        {
          "imageDisplay": {
            "sources": [
              "fluorescence-a3-c2"
            ],
            "color": "r=0,g=0,b=255,a=255",
            "contrastLimits": [
              40.0,
              400.0
            ],
            "blendingMode": "sum",
            "showImagesIn3d": false,
            "name": "fluorescence-a3-c2",
            "opacity": 0.0,
            "visible": true
          }
        }
      ],
      "sourceTransforms": [
        {
          "affine": {
            "parameters": [
              1.0,
              0.0,
              0.0,
              481.249,
              0.0,
              1.0,
              0.0,
              493.667,
              0.0,
              0.0,
              1.0,
              0.0
            ],
            "sources": [
              "em-overview"
            ],
            "name": "Translation"
          }
        },
        {
          "affine": {
            "parameters": [
              1.0,
              0.0,
              0.0,
              481.249,
              0.0,
              1.0,
              0.0,
              493.667,
              0.0,
              0.0,
              1.0,
              0.0
            ],
            "sources": [
              "em-overview"
            ],
            "name": "Translation"
          }
        },
        {
          "affine": {
            "parameters": [
              1.0,
              0.0,
              0.0,
              154.465,
              0.0,
              1.0,
              0.0,
              -45.5198,
              0.0,
              0.0,
              1.0,
              0.0
            ],
            "sources": [
              "em-detail-a2-A"
            ],
            "name": "Translation"
          }
        },
        {
          "affine": {
            "parameters": [
              0.997564050259825,
              -0.0697564737441254,
              0.0,
              2.1375132416970075,
              0.0697564737441254,
              0.997564050259825,
              0.0,
              -17.64047749690816,
              0.0,
              0.0,
              1.0,
              1.3877787807814457E-17
            ],
            "sources": [
              "em-detail-a2-A"
            ],
            "name": "manualTransform"
          }
        },
        {
          "affine": {
            "parameters": [
              0.997564050259825,
              -0.0697564737441254,
              0.0,
              2.1375132416970075,
              0.0697564737441254,
              0.997564050259825,
              0.0,
              -17.64047749690816,
              0.0,
              0.0,
              1.0,
              1.3877787807814457E-17
            ],
            "sources": [
              "tomo_53_lm"
            ],
            "name": "manualTransform"
          }
        },
        {
          "affine": {
            "parameters": [
              0.997564050259825,
              -0.0697564737441254,
              0.0,
              2.1375132416970075,
              0.0697564737441254,
              0.997564050259825,
              0.0,
              -17.64047749690816,
              0.0,
              0.0,
              1.0,
              1.3877787807814457E-17
            ],
            "sources": [
              "tomo_53_hm"
            ],
            "name": "manualTransform"
          }
        },
        {
          "affine": {
            "parameters": [
              0.997564050259825,
              -0.0697564737441254,
              0.0,
              2.1375132416970075,
              0.0697564737441254,
              0.997564050259825,
              0.0,
              -17.64047749690816,
              0.0,
              0.0,
              1.0,
              1.3877787807814457E-17
            ],
            "sources": [
              "fluorescence-a2-c0"
            ],
            "name": "manualTransform"
          }
        },
        {
          "affine": {
            "parameters": [
              0.997564050259825,
              -0.0697564737441254,
              0.0,
              2.1375132416970075,
              0.0697564737441254,
              0.997564050259825,
              0.0,
              -17.64047749690816,
              0.0,
              0.0,
              1.0,
              1.3877787807814457E-17
            ],
            "sources": [
              "fluorescence-a2-c1"
            ],
            "name": "manualTransform"
          }
        },
        {
          "affine": {
            "parameters": [
              0.997564050259825,
              -0.0697564737441254,
              0.0,
              2.1375132416970075,
              0.0697564737441254,
              0.997564050259825,
              0.0,
              -17.64047749690816,
              0.0,
              0.0,
              1.0,
              1.3877787807814457E-17
            ],
            "sources": [
              "fluorescence-a2-c2"
            ],
            "name": "manualTransform"
          }
        },
        {
          "affine": {
            "parameters": [
              1.0,
              0.0,
              0.0,
              203.422,
              0.0,
              1.0,
              0.0,
              238.934,
              0.0,
              0.0,
              1.0,
              0.0
            ],
            "sources": [
              "em-detail-a3-A"
            ],
            "name": "Translation"
          }
        },
        {
          "affine": {
            "parameters": [
              0.997564050259825,
              -0.0697564737441254,
              0.0,
              2.1375132416970075,
              0.0697564737441254,
              0.997564050259825,
              0.0,
              -17.64047749690816,
              0.0,
              0.0,
              1.0,
              1.3877787807814457E-17
            ],
            "sources": [
              "tomo_53_lm"
            ],
            "name": "manualTransform"
          }
        },
        {
          "affine": {
            "parameters": [
              0.997564050259825,
              -0.0697564737441254,
              0.0,
              2.1375132416970075,
              0.0697564737441254,
              0.997564050259825,
              0.0,
              -17.64047749690816,
              0.0,
              0.0,
              1.0,
              1.3877787807814457E-17
            ],
            "sources": [
              "tomo_53_hm"
            ],
            "name": "manualTransform"
          }
        },
        {
          "affine": {
            "parameters": [
              0.9986295347545744,
              -0.05233595624294401,
              -4.1003596830026926E-21,
              3.21857843709725,
              0.05233595624294401,
              0.9986295347545744,
              1.3753764017006825E-20,
              -11.527112528741327,
              3.3749238907939854E-21,
              -1.3949511206377626E-20,
              1.0000000000000002,
              0.0
            ],
            "sources": [
              "em-detail-a3-A"
            ],
            "name": "manualTransform"
          }
        },
        {
          "affine": {
            "parameters": [
              0.9986295347545744,
              -0.05233595624294401,
              -4.1003596830026926E-21,
              3.21857843709725,
              0.05233595624294401,
              0.9986295347545744,
              1.3753764017006825E-20,
              -11.527112528741327,
              3.3749238907939854E-21,
              -1.3949511206377626E-20,
              1.0000000000000002,
              0.0
            ],
            "sources": [
              "tomo_37_lm"
            ],
            "name": "manualTransform"
          }
        },
        {
          "affine": {
            "parameters": [
              0.9986295347545744,
              -0.05233595624294401,
              -4.1003596830026926E-21,
              3.21857843709725,
              0.05233595624294401,
              0.9986295347545744,
              1.3753764017006825E-20,
              -11.527112528741327,
              3.3749238907939854E-21,
              -1.3949511206377626E-20,
              1.0000000000000002,
              0.0
            ],
            "sources": [
              "tomo_37_hm"
            ],
            "name": "manualTransform"
          }
        },
        {
          "affine": {
            "parameters": [
              0.9986295347545744,
              -0.05233595624294401,
              -4.1003596830026926E-21,
              3.21857843709725,
              0.05233595624294401,
              0.9986295347545744,
              1.3753764017006825E-20,
              -11.527112528741327,
              3.3749238907939854E-21,
              -1.3949511206377626E-20,
              1.0000000000000002,
              0.0
            ],
            "sources": [
              "tomo_38_lm"
            ],
            "name": "manualTransform"
          }
        },
        {
          "affine": {
            "parameters": [
              0.9986295347545744,
              -0.05233595624294401,
              -4.1003596830026926E-21,
              3.21857843709725,
              0.05233595624294401,
              0.9986295347545744,
              1.3753764017006825E-20,
              -11.527112528741327,
              3.3749238907939854E-21,
              -1.3949511206377626E-20,
              1.0000000000000002,
              0.0
            ],
            "sources": [
              "tomo_38_hm"
            ],
            "name": "manualTransform"
          }
        },
        {
          "affine": {
            "parameters": [
              0.9986295347545744,
              -0.05233595624294401,
              -4.1003596830026926E-21,
              3.21857843709725,
              0.05233595624294401,
              0.9986295347545744,
              1.3753764017006825E-20,
              -11.527112528741327,
              3.3749238907939854E-21,
              -1.3949511206377626E-20,
              1.0000000000000002,
              0.0
            ],
            "sources": [
              "tomo_40_lm"
            ],
            "name": "manualTransform"
          }
        },
        {
          "affine": {
            "parameters": [
              0.9986295347545744,
              -0.05233595624294401,
              -4.1003596830026926E-21,
              3.21857843709725,
              0.05233595624294401,
              0.9986295347545744,
              1.3753764017006825E-20,
              -11.527112528741327,
              3.3749238907939854E-21,
              -1.3949511206377626E-20,
              1.0000000000000002,
              0.0
            ],
            "sources": [
              "tomo_40_hm"
            ],
            "name": "manualTransform"
          }
        },
        {
          "affine": {
            "parameters": [
              0.9986295347545744,
              -0.05233595624294401,
              -4.1003596830026926E-21,
              3.21857843709725,
              0.05233595624294401,
              0.9986295347545744,
              1.3753764017006825E-20,
              -11.527112528741327,
              3.3749238907939854E-21,
              -1.3949511206377626E-20,
              1.0000000000000002,
              0.0
            ],
            "sources": [
              "tomo_41_lm"
            ],
            "name": "manualTransform"
          }
        },
        {
          "affine": {
            "parameters": [
              0.9986295347545744,
              -0.05233595624294401,
              -4.1003596830026926E-21,
              3.21857843709725,
              0.05233595624294401,
              0.9986295347545744,
              1.3753764017006825E-20,
              -11.527112528741327,
              3.3749238907939854E-21,
              -1.3949511206377626E-20,
              1.0000000000000002,
              0.0
            ],
            "sources": [
              "tomo_41_hm"
            ],
            "name": "manualTransform"
          }
        },
        {
          "affine": {
            "parameters": [
              0.9986295347545744,
              -0.05233595624294401,
              -4.1003596830026926E-21,
              3.21857843709725,
              0.05233595624294401,
              0.9986295347545744,
              1.3753764017006825E-20,
              -11.527112528741327,
              3.3749238907939854E-21,
              -1.3949511206377626E-20,
              1.0000000000000002,
              0.0
            ],
            "sources": [
              "tomo_54_lm"
            ],
            "name": "manualTransform"
          }
        },
        {
          "affine": {
            "parameters": [
              0.9986295347545744,
              -0.05233595624294401,
              -4.1003596830026926E-21,
              3.21857843709725,
              0.05233595624294401,
              0.9986295347545744,
              1.3753764017006825E-20,
              -11.527112528741327,
              3.3749238907939854E-21,
              -1.3949511206377626E-20,
              1.0000000000000002,
              0.0
            ],
            "sources": [
              "tomo_54_hm"
            ],
            "name": "manualTransform"
          }
        },
        {
          "affine": {
            "parameters": [
              0.9986295347545744,
              -0.05233595624294401,
              -4.1003596830026926E-21,
              3.21857843709725,
              0.05233595624294401,
              0.9986295347545744,
              1.3753764017006825E-20,
              -11.527112528741327,
              3.3749238907939854E-21,
              -1.3949511206377626E-20,
              1.0000000000000002,
              0.0
            ],
            "sources": [
              "fluorescence-a3-c0"
            ],
            "name": "manualTransform"
          }
        },
        {
          "affine": {
            "parameters": [
              0.9986295347545744,
              -0.05233595624294401,
              -4.1003596830026926E-21,
              3.21857843709725,
              0.05233595624294401,
              0.9986295347545744,
              1.3753764017006825E-20,
              -11.527112528741327,
              3.3749238907939854E-21,
              -1.3949511206377626E-20,
              1.0000000000000002,
              0.0
            ],
            "sources": [
              "fluorescence-a3-c1"
            ],
            "name": "manualTransform"
          }
        },
        {
          "affine": {
            "parameters": [
              0.9986295347545744,
              -0.05233595624294401,
              -4.1003596830026926E-21,
              3.21857843709725,
              0.05233595624294401,
              0.9986295347545744,
              1.3753764017006825E-20,
              -11.527112528741327,
              3.3749238907939854E-21,
              -1.3949511206377626E-20,
              1.0000000000000002,
              0.0
            ],
            "sources": [
              "fluorescence-a3-c2"
            ],
            "name": "manualTransform"
          }
        }
      ],
      "isExclusive": false
    }
  }
}