{
  "is2D": false,
  "defaultLocation": {
    "position": [
      226.0,
      155.0,
      0.0
    ]
  },
  "sources": {
    "em-detail-a1-A": {
      "image": {
        "imageData": {
          "bdv.n5": {
            "relativePath": "images/bdv-n5/em-detail-a1-A.xml"
          },
          "bdv.n5.s3": {
            "relativePath": "images/bdv-n5-s3/em-detail-a1-A.xml"
          }
        }
      }
    },
    "em-detail-a2-A": {
      "image": {
        "imageData": {
          "bdv.n5": {
            "relativePath": "images/bdv-n5/em-detail-a2-A.xml"
          },
          "bdv.n5.s3": {
            "relativePath": "images/bdv-n5-s3/em-detail-a2-A.xml"
          }
        }
      }
    },
    "em-detail-a3-A": {
      "image": {
        "imageData": {
          "bdv.n5": {
            "relativePath": "images/bdv-n5/em-detail-a3-A.xml"
          },
          "bdv.n5.s3": {
            "relativePath": "images/bdv-n5-s3/em-detail-a3-A.xml"
          }
        }
      }
    },
    "em-overview": {
      "image": {
        "imageData": {
          "ome.zarr": {
            "relativePath": "images/ome-zarr/em-overview.ome.zarr"
          },
          "ome.zarr.s3": {
            "s3Address": "https://s3.embl.de/yeast-clem/hela/images/ome-zarr/em-overview.ome.zarr"
          }
        }
      }
    },
    "fluorescence-a2-c0": {
      "image": {
        "imageData": {
          "bdv.n5": {
            "relativePath": "images/bdv-n5/fluorescence-a2-FMR-c0.xml"
          },
          "bdv.n5.s3": {
            "relativePath": "images/bdv-n5-s3/fluorescence-a2-FMR-c0.xml"
          }
        }
      }
    },
    "fluorescence-a2-c1": {
      "image": {
        "imageData": {
          "bdv.n5": {
            "relativePath": "images/bdv-n5/fluorescence-a2-FMR-c1.xml"
          },
          "bdv.n5.s3": {
            "relativePath": "images/bdv-n5-s3/fluorescence-a2-FMR-c1.xml"
          }
        }
      }
    },
    "fluorescence-a2-c2": {
      "image": {
        "imageData": {
          "bdv.n5": {
            "relativePath": "images/bdv-n5/fluorescence-a2-FMR-c2.xml"
          },
          "bdv.n5.s3": {
            "relativePath": "images/bdv-n5-s3/fluorescence-a2-FMR-c2.xml"
          }
        }
      }
    },
    "fluorescence-a3-c0": {
      "image": {
        "imageData": {
          "bdv.n5": {
            "relativePath": "images/bdv-n5/fluorescence-a3-FMR-c0.xml"
          },
          "bdv.n5.s3": {
            "relativePath": "images/bdv-n5-s3/fluorescence-a3-FMR-c0.xml"
          }
        }
      }
    },
    "fluorescence-a3-c1": {
      "image": {
        "imageData": {
          "bdv.n5": {
            "relativePath": "images/bdv-n5/fluorescence-a3-FMR-c1.xml"
          },
          "bdv.n5.s3": {
            "relativePath": "images/bdv-n5-s3/fluorescence-a3-FMR-c1.xml"
          }
        }
      }
    },
    "fluorescence-a3-c2": {
      "image": {
        "imageData": {
          "bdv.n5": {
            "relativePath": "images/bdv-n5/fluorescence-a3-FMR-c2.xml"
          },
          "bdv.n5.s3": {
            "relativePath": "images/bdv-n5-s3/fluorescence-a3-FMR-c2.xml"
          }
        }
      }
    },
    "tomo_37_hm": {
      "image": {
        "imageData": {
          "bdv.n5": {
            "relativePath": "images/bdv-n5/tomo_37_hm.xml"
          },
          "bdv.n5.s3": {
            "relativePath": "images/bdv-n5-s3/tomo_37_hm.xml"
          }
        }
      }
    },
    "tomo_37_lm": {
      "image": {
        "imageData": {
          "bdv.n5": {
            "relativePath": "images/bdv-n5/tomo_37_lm.xml"
          },
          "bdv.n5.s3": {
            "relativePath": "images/bdv-n5-s3/tomo_37_lm.xml"
          }
        }
      }
    },
    "tomo_38_hm": {
      "image": {
        "imageData": {
          "bdv.n5": {
            "relativePath": "images/bdv-n5/tomo_38_hm.xml"
          },
          "bdv.n5.s3": {
            "relativePath": "images/bdv-n5-s3/tomo_38_hm.xml"
          }
        }
      }
    },
    "tomo_38_lm": {
      "image": {
        "imageData": {
          "bdv.n5": {
            "relativePath": "images/bdv-n5/tomo_38_lm.xml"
          },
          "bdv.n5.s3": {
            "relativePath": "images/bdv-n5-s3/tomo_38_lm.xml"
          }
        }
      }
    },
    "tomo_40_hm": {
      "image": {
        "imageData": {
          "bdv.n5": {
            "relativePath": "images/bdv-n5/tomo_40_hm.xml"
          },
          "bdv.n5.s3": {
            "relativePath": "images/bdv-n5-s3/tomo_40_hm.xml"
          }
        }
      }
    },
    "tomo_40_lm": {
      "image": {
        "imageData": {
          "bdv.n5": {
            "relativePath": "images/bdv-n5/tomo_40_lm.xml"
          },
          "bdv.n5.s3": {
            "relativePath": "images/bdv-n5-s3/tomo_40_lm.xml"
          }
        }
      }
    },
    "tomo_41_hm": {
      "image": {
        "imageData": {
          "bdv.n5": {
            "relativePath": "images/bdv-n5/tomo_41_hm.xml"
          },
          "bdv.n5.s3": {
            "relativePath": "images/bdv-n5-s3/tomo_41_hm.xml"
          }
        }
      }
    },
    "tomo_41_lm": {
      "image": {
        "imageData": {
          "bdv.n5": {
            "relativePath": "images/bdv-n5/tomo_41_lm.xml"
          },
          "bdv.n5.s3": {
            "relativePath": "images/bdv-n5-s3/tomo_41_lm.xml"
          }
        }
      }
    },
    "tomo_53_hm": {
      "image": {
        "imageData": {
          "bdv.n5": {
            "relativePath": "images/bdv-n5/tomo_53_hm.xml"
          },
          "bdv.n5.s3": {
            "relativePath": "images/bdv-n5-s3/tomo_53_hm.xml"
          }
        }
      }
    },
    "tomo_53_lm": {
      "image": {
        "imageData": {
          "bdv.n5": {
            "relativePath": "images/bdv-n5/tomo_53_lm.xml"
          },
          "bdv.n5.s3": {
            "relativePath": "images/bdv-n5-s3/tomo_53_lm.xml"
          }
        }
      }
    },
    "tomo_54_hm": {
      "image": {
        "imageData": {
          "bdv.n5": {
            "relativePath": "images/bdv-n5/tomo_54_hm.xml"
          },
          "bdv.n5.s3": {
            "relativePath": "images/bdv-n5-s3/tomo_54_hm.xml"
          }
        }
      }
    },
    "tomo_54_lm": {
      "image": {
        "imageData": {
          "bdv.n5": {
            "relativePath": "images/bdv-n5/tomo_54_lm.xml"
          },
          "bdv.n5.s3": {
            "relativePath": "images/bdv-n5-s3/tomo_54_lm.xml"
          }
        }
      }
    }
  },
  "timepoints": 1,
  "views": {
    "Figure2a": {
      "isExclusive": true,
      "sourceDisplays": [
        {
          "imageDisplay": {
            "blendingMode": "sum",
            "color": "r=255,g=255,b=255,a=255",
            "contrastLimits": [
              290.0,
              23000.0
            ],
            "name": "em-overview",
            "opacity": 1.0,
            "showImagesIn3d": false,
            "sources": [
              "em-overview"
            ],
            "visible": true
          }
        },
        {
          "imageDisplay": {
            "blendingMode": "sumOccluding",
            "color": "r=255,g=255,b=255,a=255",
            "contrastLimits": [
              150.0,
              45700.0
            ],
            "name": "em-detail-a3",
            "opacity": 1.0,
            "showImagesIn3d": false,
            "sources": [
              "em-detail-a3-A"
            ],
            "visible": true
          }
        },
        {
          "imageDisplay": {
            "blendingMode": "sumOccluding",
            "color": "r=255,g=255,b=255,a=255",
            "contrastLimits": [
              30000.0,
              35000.0
            ],
            "name": "tomo_37_lm",
            "opacity": 1.0,
            "showImagesIn3d": false,
            "sources": [
              "tomo_37_lm"
            ],
            "visible": true
          }
        },
        {
          "imageDisplay": {
            "blendingMode": "sumOccluding",
            "color": "r=255,g=255,b=255,a=255",
            "contrastLimits": [
              30.0,
              240.0
            ],
            "name": "tomo_37_hm",
            "opacity": 1.0,
            "showImagesIn3d": false,
            "sources": [
              "tomo_37_hm"
            ],
            "visible": true
          }
        },
        {
          "imageDisplay": {
            "blendingMode": "sumOccluding",
            "color": "r=255,g=255,b=255,a=255",
            "contrastLimits": [
              30000.0,
              35000.0
            ],
            "name": "tomo_38_lm",
            "opacity": 1.0,
            "showImagesIn3d": false,
            "sources": [
              "tomo_38_lm"
            ],
            "visible": true
          }
        },
        {
          "imageDisplay": {
            "blendingMode": "sumOccluding",
            "color": "r=255,g=255,b=255,a=255",
            "contrastLimits": [
              20.0,
              240.0
            ],
            "name": "tomo_38_hm",
            "opacity": 1.0,
            "showImagesIn3d": false,
            "sources": [
              "tomo_38_hm"
            ],
            "visible": true
          }
        },
        {
          "imageDisplay": {
            "blendingMode": "sumOccluding",
            "color": "r=255,g=255,b=255,a=255",
            "contrastLimits": [
              30000.0,
              35000.0
            ],
            "name": "tomo_40_lm",
            "opacity": 1.0,
            "showImagesIn3d": false,
            "sources": [
              "tomo_40_lm"
            ],
            "visible": true
          }
        },
        {
          "imageDisplay": {
            "blendingMode": "sumOccluding",
            "color": "r=255,g=255,b=255,a=255",
            "contrastLimits": [
              20.0,
              240.0
            ],
            "name": "tomo_40_hm",
            "opacity": 1.0,
            "showImagesIn3d": false,
            "sources": [
              "tomo_40_hm"
            ],
            "visible": true
          }
        },
        {
          "imageDisplay": {
            "blendingMode": "sumOccluding",
            "color": "r=255,g=255,b=255,a=255",
            "contrastLimits": [
              30000.0,
              35000.0
            ],
            "name": "tomo_41_lm",
            "opacity": 1.0,
            "showImagesIn3d": false,
            "sources": [
              "tomo_41_lm"
            ],
            "visible": true
          }
        },
        {
          "imageDisplay": {
            "blendingMode": "sumOccluding",
            "color": "r=255,g=255,b=255,a=255",
            "contrastLimits": [
              20.0,
              240.0
            ],
            "name": "tomo_41_hm",
            "opacity": 1.0,
            "showImagesIn3d": false,
            "sources": [
              "tomo_41_hm"
            ],
            "visible": true
          }
        },
        {
          "imageDisplay": {
            "blendingMode": "sumOccluding",
            "color": "r=255,g=255,b=255,a=255",
            "contrastLimits": [
              30000.0,
              35000.0
            ],
            "name": "tomo_54_lm",
            "opacity": 1.0,
            "showImagesIn3d": false,
            "sources": [
              "tomo_54_lm"
            ],
            "visible": true
          }
        },
        {
          "imageDisplay": {
            "blendingMode": "sumOccluding",
            "color": "r=255,g=255,b=255,a=255",
            "contrastLimits": [
              20.0,
              240.0
            ],
            "name": "tomo_54_hm",
            "opacity": 1.0,
            "showImagesIn3d": false,
            "sources": [
              "tomo_54_hm"
            ],
            "visible": true
          }
        },
        {
          "imageDisplay": {
            "blendingMode": "sum",
            "color": "r=255,g=0,b=0,a=255",
            "contrastLimits": [
              40.0,
              400.0
            ],
            "name": "fluorescence-a3-c0",
            "opacity": 1.0,
            "showImagesIn3d": false,
            "sources": [
              "fluorescence-a3-c0"
            ],
            "visible": true
          }
        },
        {
          "imageDisplay": {
            "blendingMode": "sum",
            "color": "r=0,g=255,b=0,a=255",
            "contrastLimits": [
              40.0,
              400.0
            ],
            "name": "fluorescence-a3-c1",
            "opacity": 1.0,
            "showImagesIn3d": false,
            "sources": [
              "fluorescence-a3-c1"
            ],
            "visible": true
          }
        },
        {
          "imageDisplay": {
            "blendingMode": "sum",
            "color": "r=0,g=0,b=255,a=255",
            "contrastLimits": [
              40.0,
              400.0
            ],
            "name": "fluorescence-a3-c2",
            "opacity": 1.0,
            "showImagesIn3d": false,
            "sources": [
              "fluorescence-a3-c2"
            ],
            "visible": true
          }
        },
        {
          "imageDisplay": {
            "blendingMode": "sumOccluding",
            "color": "r=255,g=255,b=255,a=255",
            "contrastLimits": [
              10.0,
              41500.0
            ],
            "name": "em-detail-a1",
            "opacity": 1.0,
            "showImagesIn3d": false,
            "sources": [
              "em-detail-a1-A"
            ],
            "visible": true
          }
        },
        {
          "imageDisplay": {
            "blendingMode": "sumOccluding",
            "color": "r=255,g=255,b=255,a=255",
            "contrastLimits": [
              0.0,
              48000.0
            ],
            "name": "em-detail-a2",
            "opacity": 1.0,
            "showImagesIn3d": false,
            "sources": [
              "em-detail-a2-A"
            ],
            "visible": true
          }
        },
        {
          "imageDisplay": {
            "blendingMode": "sumOccluding",
            "color": "r=255,g=255,b=255,a=255",
            "contrastLimits": [
              30000.0,
              35000.0
            ],
            "name": "tomo_53_lm",
            "opacity": 1.0,
            "showImagesIn3d": false,
            "sources": [
              "tomo_53_lm"
            ],
            "visible": true
          }
        },
        {
          "imageDisplay": {
            "blendingMode": "sumOccluding",
            "color": "r=255,g=255,b=255,a=255",
            "contrastLimits": [
              20.0,
              240.0
            ],
            "name": "tomo_53_hm",
            "opacity": 1.0,
            "showImagesIn3d": false,
            "sources": [
              "tomo_53_hm"
            ],
            "visible": true
          }
        },
        {
          "imageDisplay": {
            "blendingMode": "sum",
            "color": "r=255,g=0,b=0,a=255",
            "contrastLimits": [
              40.0,
              400.0
            ],
            "name": "fluorescence-a2-c0",
            "opacity": 1.0,
            "showImagesIn3d": false,
            "sources": [
              "fluorescence-a2-c0"
            ],
            "visible": true
          }
        },
        {
          "imageDisplay": {
            "blendingMode": "sum",
            "color": "r=0,g=255,b=0,a=255",
            "contrastLimits": [
              40.0,
              400.0
            ],
            "name": "fluorescence-a2-c1",
            "opacity": 1.0,
            "showImagesIn3d": false,
            "sources": [
              "fluorescence-a2-c1"
            ],
            "visible": true
          }
        },
        {
          "imageDisplay": {
            "blendingMode": "sum",
            "color": "r=0,g=0,b=255,a=255",
            "contrastLimits": [
              40.0,
              400.0
            ],
            "name": "fluorescence-a2-c2",
            "opacity": 1.0,
            "showImagesIn3d": false,
            "sources": [
              "fluorescence-a2-c2"
            ],
            "visible": true
          }
        },
        {
          "sourceAnnotationDisplay": {
            "boundaryThickness": 3.0,
            "lut": "argbColumn",
            "colorByColumn": "annotationColor",
            "name": "em-detail-annotations",
            "opacity": 1.0,
            "showAsBoundaries": true,
            "sources": {
              "0": [
                "em-detail-a1-A"
              ],
              "1": [
                "em-detail-a2-A"
              ],
              "2": [
                "em-detail-a3-A"
              ]
            },
            "tableData": {
              "tsv": {
                "relativePath": "tables/em-detail"
              }
            },
            "tables": [
              "default.tsv"
            ]
          }
        },
        {
          "sourceAnnotationDisplay": {
            "boundaryThickness": 3.0,
            "lut": "argbColumn",
            "colorByColumn": "annotationColor",
            "name": "fluorescence-annotations",
            "opacity": 1.0,
            "showAsBoundaries": true,
            "sources": {
              "0": [
                "fluorescence-a2-c0",
                "fluorescence-a2-c1",
                "fluorescence-a2-c2"
              ],
              "1": [
                "fluorescence-a3-c0",
                "fluorescence-a3-c1",
                "fluorescence-a3-c2"
              ]
            },
            "tableData": {
              "tsv": {
                "relativePath": "tables/fluorescence"
              }
            },
            "tables": [
              "default.tsv"
            ]
          }
        }
      ],
      "sourceTransforms": [
        {
          "affine": {
            "name": "MapScaleMat",
            "parameters": [
              -0.10198378825464686,
              -0.9710562907353596,
              0.0,
              0.0,
              -0.9846441741918877,
              0.11862126451903302,
              0.0,
              0.0,
              0.0,
              0.0,
              29.30832356389215,
              0.0
            ],
            "sources": [
              "em-overview"
            ]
          }
        },
        {
          "affine": {
            "name": "Translation",
            "parameters": [
              1.0,
              0.0,
              0.0,
              481.249,
              0.0,
              1.0,
              0.0,
              493.667,
              0.0,
              0.0,
              1.0,
              0.0
            ],
            "sources": [
              "em-overview"
            ]
          }
        },
        {
          "affine": {
            "name": "MapScaleMat",
            "parameters": [
              -0.18777152869337194,
              0.9821399838237337,
              0.0,
              0.0,
              1.0032799126909004,
              0.16846097748363031,
              0.0,
              0.0,
              0.0,
              0.0,
              99.62143853357243,
              0.0
            ],
            "sources": [
              "em-detail-a3-A"
            ]
          }
        },
        {
          "affine": {
            "name": "Translation",
            "parameters": [
              0.013245148924148945,
              1.0039595803164605,
              0.0,
              0.0,
              1.020668829539118,
              -0.034661042654656964,
              0.0,
              0.0,
              0.0,
              0.0,
              1.0,
              -0.176157
            ],
            "sources": [
              "tomo_37_lm"
            ]
          }
        },
        {
          "affine": {
            "name": "RotScale",
            "parameters": [
              1.0,
              0.0,
              0.0,
              228.04282648432743,
              0.0,
              1.0,
              0.0,
              302.40902957105,
              0.0,
              0.0,
              1.0,
              0.0
            ],
            "sources": [
              "tomo_37_lm"
            ]
          }
        },
        {
          "affine": {
            "name": "affine0",
            "parameters": [
              0.013245148924148945,
              1.0039595803164607,
              0.0,
              239.93945962096353,
              1.0206688295391182,
              -0.034661042654656964,
              0.0,
              300.37466120697667,
              0.0,
              0.0,
              1.0000000000000002,
              -0.19147500000000006
            ],
            "sources": [
              "tomo_38_lm"
            ]
          }
        },
        {
          "affine": {
            "name": "Translation",
            "parameters": [
              1.0,
              0.0,
              0.0,
              203.422,
              0.0,
              1.0,
              0.0,
              238.934,
              0.0,
              0.0,
              1.0,
              0.0
            ],
            "sources": [
              "em-detail-a3-A"
            ]
          }
        },
        {
          "affine": {
            "name": "affine0",
            "parameters": [
              0.013245148924148945,
              1.0039595803164607,
              0.0,
              207.1409635467861,
              1.0206688295391182,
              -0.034661042654656964,
              0.0,
              309.2354368782877,
              0.0,
              0.0,
              1,
              -0.227217
            ],
            "sources": [
              "tomo_40_lm"
            ]
          }
        },
        {
          "affine": {
            "name": "affine0",
            "parameters": [
              0.013245148924148947,
              1.0039595803164607,
              0.0,
              243.59201639109855,
              1.0206688295391182,
              -0.03466104265465697,
              0.0,
              303.91519667035317,
              0.0,
              0.0,
              1.0000000000000004,
              -0.07010100000000001
            ],
            "sources": [
              "tomo_38_hm"
            ]
          }
        },
        {
          "affine": {
            "name": "affine0",
            "parameters": [
              0.013245148924148882,
              1.0039595803164603,
              0.0,
              252.8752679880011,
              1.0206688295391178,
              -0.0346610426546569,
              0.0,
              317.6910257705539,
              0.0,
              0.0,
              0.9999999999999999,
              -0.19658099999999998
            ],
            "sources": [
              "tomo_41_lm"
            ]
          }
        },
        {
          "affine": {
            "name": "affine0",
            "parameters": [
              0.013245148924148943,
              1.0039595803164605,
              0.0,
              241.7822189205871,
              1.020668829539118,
              -0.034661042654656964,
              0.0,
              266.7355546014951,
              0.0,
              0.0,
              1.0,
              -0.171051
            ],
            "sources": [
              "tomo_54_lm"
            ]
          }
        },
        {
          "affine": {
            "name": "affine0",
            "parameters": [
              0.013245148924148941,
              1.0039595803164603,
              -1.5407439555097887e-32,
              210.88814494422707,
              1.0206688295391178,
              -0.03466104265465696,
              -6.162975822039157e-33,
              309.76654920034923,
              6.494431150205682e-33,
              1.5254831381639986e-32,
              0.9999999999999999,
              -0.05456108458253092
            ],
            "sources": [
              "tomo_40_hm"
            ]
          }
        },
        {
          "affine": {
            "name": "affine0",
            "parameters": [
              0.013245148924148947,
              1.0039595803164605,
              0.0,
              245.43477569072212,
              1.0206688295391178,
              -0.03466104265465697,
              0.0,
              270.2760900648716,
              0.0,
              0.0,
              1.0,
              -0.0747744
            ],
            "sources": [
              "tomo_54_hm"
            ]
          }
        },
        {
          "affine": {
            "name": "affine0",
            "parameters": [
              0.013245148924148948,
              1.0039595803164605,
              0.0,
              231.8498207892673,
              1.0206688295391178,
              -0.03466104265465697,
              0.0,
              306.3767267928424,
              0.0,
              0.0,
              1.0,
              -0.0747744
            ],
            "sources": [
              "tomo_37_hm"
            ]
          }
        },
        {
          "affine": {
            "name": "manualTransform",
            "parameters": [
              0.9986295347545744,
              -0.05233595624294401,
              -4.1003596830026926e-21,
              3.21857843709725,
              0.05233595624294401,
              0.9986295347545744,
              1.3753764017006825e-20,
              -11.527112528741327,
              3.3749238907939854e-21,
              -1.3949511206377626e-20,
              1.0000000000000002,
              0.0
            ],
            "sources": [
              "em-detail-a3-A"
            ]
          }
        },
        {
          "affine": {
            "name": "affine0",
            "parameters": [
              0.013245148924148116,
              1.0039595803164598,
              2.548749782768702e-18,
              256.63040379706877,
              1.020668829539117,
              -0.03466104265465613,
              -1.1958521839956973e-17,
              320.70611875945485,
              1.2171931918963699e-17,
              -2.973336597821522e-18,
              0.9999999999999993,
              -0.0841212000000085
            ],
            "sources": [
              "tomo_41_hm"
            ]
          }
        },
        {
          "affine": {
            "name": "manualTransform",
            "parameters": [
              0.9986295347545744,
              -0.05233595624294401,
              -4.1003596830026926e-21,
              3.21857843709725,
              0.05233595624294401,
              0.9986295347545744,
              1.3753764017006825e-20,
              -11.527112528741327,
              3.3749238907939854e-21,
              -1.3949511206377626e-20,
              1.0000000000000002,
              0.0
            ],
            "sources": [
              "tomo_37_lm"
            ]
          }
        },
        {
          "affine": {
            "name": "manualTransform",
            "parameters": [
              0.9986295347545744,
              -0.05233595624294401,
              -4.1003596830026926e-21,
              3.21857843709725,
              0.05233595624294401,
              0.9986295347545744,
              1.3753764017006825e-20,
              -11.527112528741327,
              3.3749238907939854e-21,
              -1.3949511206377626e-20,
              1.0000000000000002,
              0.0
            ],
            "sources": [
              "tomo_37_hm"
            ]
          }
        },
        {
          "affine": {
            "name": "manualTransform",
            "parameters": [
              0.9986295347545744,
              -0.05233595624294401,
              -4.1003596830026926e-21,
              3.21857843709725,
              0.05233595624294401,
              0.9986295347545744,
              1.3753764017006825e-20,
              -11.527112528741327,
              3.3749238907939854e-21,
              -1.3949511206377626e-20,
              1.0000000000000002,
              0.0
            ],
            "sources": [
              "tomo_38_lm"
            ]
          }
        },
        {
          "affine": {
            "name": "manualTransform",
            "parameters": [
              0.9986295347545744,
              -0.05233595624294401,
              -4.1003596830026926e-21,
              3.21857843709725,
              0.05233595624294401,
              0.9986295347545744,
              1.3753764017006825e-20,
              -11.527112528741327,
              3.3749238907939854e-21,
              -1.3949511206377626e-20,
              1.0000000000000002,
              0.0
            ],
            "sources": [
              "tomo_38_hm"
            ]
          }
        },
        {
          "affine": {
            "name": "manualTransform",
            "parameters": [
              0.9986295347545744,
              -0.05233595624294401,
              -4.1003596830026926e-21,
              3.21857843709725,
              0.05233595624294401,
              0.9986295347545744,
              1.3753764017006825e-20,
              -11.527112528741327,
              3.3749238907939854e-21,
              -1.3949511206377626e-20,
              1.0000000000000002,
              0.0
            ],
            "sources": [
              "tomo_40_lm"
            ]
          }
        },
        {
          "affine": {
            "name": "manualTransform",
            "parameters": [
              0.9986295347545744,
              -0.05233595624294401,
              -4.1003596830026926e-21,
              3.21857843709725,
              0.05233595624294401,
              0.9986295347545744,
              1.3753764017006825e-20,
              -11.527112528741327,
              3.3749238907939854e-21,
              -1.3949511206377626e-20,
              1.0000000000000002,
              0.0
            ],
            "sources": [
              "tomo_40_hm"
            ]
          }
        },
        {
          "affine": {
            "name": "manualTransform",
            "parameters": [
              0.9986295347545744,
              -0.05233595624294401,
              -4.1003596830026926e-21,
              3.21857843709725,
              0.05233595624294401,
              0.9986295347545744,
              1.3753764017006825e-20,
              -11.527112528741327,
              3.3749238907939854e-21,
              -1.3949511206377626e-20,
              1.0000000000000002,
              0.0
            ],
            "sources": [
              "tomo_41_lm"
            ]
          }
        },
        {
          "affine": {
            "name": "manualTransform",
            "parameters": [
              0.9986295347545744,
              -0.05233595624294401,
              -4.1003596830026926e-21,
              3.21857843709725,
              0.05233595624294401,
              0.9986295347545744,
              1.3753764017006825e-20,
              -11.527112528741327,
              3.3749238907939854e-21,
              -1.3949511206377626e-20,
              1.0000000000000002,
              0.0
            ],
            "sources": [
              "tomo_54_lm"
            ]
          }
        },
        {
          "affine": {
            "name": "Translation",
            "parameters": [
              100.23021139885087,
              13.287015421562778,
              0.0,
              165.3568,
              -13.287015421562778,
              100.23021139885087,
              0.0,
              2243.2063,
              0.0,
              0.0,
              15.423117146329398,
              0.0
            ],
            "sources": [
              "fluorescence-a3-c0"
            ]
          }
        },
        {
          "affine": {
            "name": "Translation",
            "parameters": [
              100.23021139885087,
              13.287015421562778,
              0.0,
              165.3568,
              -13.287015421562778,
              100.23021139885087,
              0.0,
              2243.2063,
              0.0,
              0.0,
              15.423117146329398,
              0.0
            ],
            "sources": [
              "fluorescence-a3-c1"
            ]
          }
        },
        {
          "affine": {
            "name": "Translation",
            "parameters": [
              100.23021139885087,
              13.287015421562778,
              0.0,
              165.3568,
              -13.287015421562778,
              100.23021139885087,
              0.0,
              2243.2063,
              0.0,
              0.0,
              15.423117146329398,
              0.0
            ],
            "sources": [
              "fluorescence-a3-c2"
            ]
          }
        },
        {
          "affine": {
            "name": "MapScaleMat",
            "parameters": [
              -0.0018848506050240675,
              0.009858721157622638,
              0.0,
              0.0,
              0.010070923763591259,
              0.001691011291980681,
              0.0,
              0.0,
              0.0,
              0.0,
              1.0,
              0.0
            ],
            "sources": [
              "fluorescence-a3-c2"
            ]
          }
        },
        {
          "affine": {
            "name": "CLEMRegistration",
            "parameters": [
              1.0,
              0.0,
              0.0,
              203.422,
              0.0,
              1.0,
              0.0,
              238.934,
              0.0,
              0.0,
              1.0,
              0.0
            ],
            "sources": [
              "fluorescence-a3-c2"
            ]
          }
        },
        {
          "affine": {
            "name": "MapScaleMat",
            "parameters": [
              -0.0018848506050240675,
              0.009858721157622638,
              0.0,
              0.0,
              0.010070923763591259,
              0.001691011291980681,
              0.0,
              0.0,
              0.0,
              0.0,
              1.0,
              0.0
            ],
            "sources": [
              "fluorescence-a3-c1"
            ]
          }
        },
        {
          "affine": {
            "name": "CLEMRegistration",
            "parameters": [
              1.0,
              0.0,
              0.0,
              203.422,
              0.0,
              1.0,
              0.0,
              238.934,
              0.0,
              0.0,
              1.0,
              0.0
            ],
            "sources": [
              "fluorescence-a3-c1"
            ]
          }
        },
        {
          "affine": {
            "name": "MapScaleMat",
            "parameters": [
              -0.0018848506050240675,
              0.009858721157622638,
              0.0,
              0.0,
              0.010070923763591259,
              0.001691011291980681,
              0.0,
              0.0,
              0.0,
              0.0,
              1.0,
              0.0
            ],
            "sources": [
              "fluorescence-a3-c0"
            ]
          }
        },
        {
          "affine": {
            "name": "CLEMRegistration",
            "parameters": [
              1.0,
              0.0,
              0.0,
              203.422,
              0.0,
              1.0,
              0.0,
              238.934,
              0.0,
              0.0,
              1.0,
              0.0
            ],
            "sources": [
              "fluorescence-a3-c0"
            ]
          }
        },
        {
          "affine": {
            "name": "manualTransform",
            "parameters": [
              0.9986295347545744,
              -0.05233595624294401,
              -4.1003596830026926e-21,
              3.21857843709725,
              0.05233595624294401,
              0.9986295347545744,
              1.3753764017006825e-20,
              -11.527112528741327,
              3.3749238907939854e-21,
              -1.3949511206377626e-20,
              1.0000000000000002,
              0.0
            ],
            "sources": [
              "tomo_54_hm"
            ]
          }
        },
        {
          "affine": {
            "name": "manualTransform",
            "parameters": [
              0.9986295347545744,
              -0.05233595624294401,
              -4.1003596830026926e-21,
              3.21857843709725,
              0.05233595624294401,
              0.9986295347545744,
              1.3753764017006825e-20,
              -11.527112528741327,
              3.3749238907939854e-21,
              -1.3949511206377626e-20,
              1.0000000000000002,
              0.0
            ],
            "sources": [
              "tomo_41_hm"
            ]
          }
        },
        {
          "affine": {
            "name": "manualTransform",
            "parameters": [
              0.9986295347545744,
              -0.05233595624294401,
              -4.1003596830026926e-21,
              3.21857843709725,
              0.05233595624294401,
              0.9986295347545744,
              1.3753764017006825e-20,
              -11.527112528741327,
              3.3749238907939854e-21,
              -1.3949511206377626e-20,
              1.0000000000000002,
              0.0
            ],
            "sources": [
              "fluorescence-a3-c0"
            ]
          }
        },
        {
          "affine": {
            "name": "manualTransform",
            "parameters": [
              0.9986295347545744,
              -0.05233595624294401,
              -4.1003596830026926e-21,
              3.21857843709725,
              0.05233595624294401,
              0.9986295347545744,
              1.3753764017006825e-20,
              -11.527112528741327,
              3.3749238907939854e-21,
              -1.3949511206377626e-20,
              1.0000000000000002,
              0.0
            ],
            "sources": [
              "fluorescence-a3-c1"
            ]
          }
        },
        {
          "affine": {
            "name": "manualTransform",
            "parameters": [
              0.9986295347545744,
              -0.05233595624294401,
              -4.1003596830026926e-21,
              3.21857843709725,
              0.05233595624294401,
              0.9986295347545744,
              1.3753764017006825e-20,
              -11.527112528741327,
              3.3749238907939854e-21,
              -1.3949511206377626e-20,
              1.0000000000000002,
              0.0
            ],
            "sources": [
              "fluorescence-a3-c2"
            ]
          }
        },
        {
          "affine": {
            "name": "MapScaleMat",
            "parameters": [
              -0.18777152869337194,
              0.9821399838237337,
              0.0,
              0.0,
              1.0032799126909004,
              0.16846097748363031,
              0.0,
              0.0,
              0.0,
              0.0,
              99.62143853357243,
              0.0
            ],
            "sources": [
              "em-detail-a1-A"
            ]
          }
        },
        {
          "affine": {
            "name": "Translation",
            "parameters": [
              1.0,
              0.0,
              0.0,
              37.7088,
              0.0,
              1.0,
              0.0,
              -87.641,
              0.0,
              0.0,
              1.0,
              0.0
            ],
            "sources": [
              "em-detail-a1-A"
            ]
          }
        },
        {
          "affine": {
            "name": "manualTransform",
            "parameters": [
              0.9993908270190963,
              -0.034899496702500976,
              0.0,
              0.3903355098501322,
              0.034899496702500976,
              0.9993908270190963,
              0.0,
